[ultralytics.engine.results.Results object with attributes:

boxes: ultralytics.engine.results.Boxes object
keypoints: None
masks: None
names: {0: 'blue', 1: 'green', 2: 'purple', 3: 'red'}
orig_img: array([[[201, 207, 210],
        [201, 207, 210],
        [201, 207, 210],
        ...,
        [197, 202, 208],
        [196, 201, 207],
        [196, 201, 207]],

       [[201, 207, 210],
        [201, 207, 210],
        [201, 207, 210],
        ...,
        [197, 202, 208],
        [196, 201, 207],
        [196, 201, 207]],

       [[201, 207, 210],
        [201, 207, 210],
        [201, 207, 210],
        ...,
        [197, 202, 208],
        [196, 201, 207],
        [196, 201, 207]],

       ...,

       [[198, 204, 208],
        [198, 204, 208],
        [198, 204, 208],
        ...,
        [197, 203, 207],
        [197, 203, 207],
        [197, 203, 207]],

       [[201, 207, 210],
        [201, 207, 210],
        [201, 207, 210],
        ...,
        [197, 203, 207],
        [197, 203, 207],
        [197, 203, 207]],

       [[202, 208, 211],
        [202, 208, 211],
        [202, 208, 211],
        ...,
        [197, 203, 207],
        [197, 203, 207],
        [197, 203, 207]]], dtype=uint8)
orig_shape: (360, 640)
path: 'image0.jpg'
probs: None
save_dir: None
speed: {'preprocess': 1.6369819641113281, 'inference': 159.11126136779785, 'postprocess': 0.5109310150146484}]
